cam0:
  T_cam_imu:
    [-0.005912529606146536,     -0.9999815438680684, 0.0013978257724716757,  -0.00917061836061555,
       -0.9999596958999852,    0.005921833436023579,  0.006748219347662954,  0.011715711867082833,
     -0.006756372493033531,  -0.0013578703876801113,   -0.9999762535274249, -0.007510632683407502,
                       0.0,                     0.0,                   0.0,                   1.0]
  cam_overlaps: []
  camera_model: pinhole
  distortion_coeffs: [0.07676524378907967, -0.11502569473805775, 0.0010753407279773086, -0.0009377732712063433]
  distortion_model: radtan
  intrinsics: [504.3300007624, 506.5068542989, 321.7664151603, 183.757881657]
  resolution: [640, 360]
  rostopic: /cam0/image_raw
  timeshift_cam_imu: 0.013937737503557375

T_imu_body:
  [1.0000, 0.0000, 0.0000, 0.0000,
   0.0000, 1.0000, 0.0000, 0.0000,
   0.0000, 0.0000, 1.0000, 0.0000,
   0.0000, 0.0000, 0.0000, 1.0000]

